                             PooledOLS Estimation Summary                            
=====================================================================================
Dep. Variable:     log_mortality_rate_week   R-squared:                        0.9874
Estimator:                       PooledOLS   R-squared (Between):              0.9980
No. Observations:                     3380   R-squared (Within):              -31.965
Date:                     Wed, Apr 22 2026   R-squared (Overall):              0.9874
Time:                             15:25:11   Log-likelihood                   -3966.7
Cov. Estimator:                  Clustered                                           
                                             F-statistic:                      6231.1
Entities:                               20   P-value                           0.0000
Avg Obs:                            169.00   Distribution:                 F(42,3338)
Min Obs:                            169.00                                           
Max Obs:                            169.00   F-statistic (robust):          5.234e+15
                                             P-value                           0.0000
Time periods:                          169   Distribution:                 F(42,3338)
Avg Obs:                            20.000                                           
Min Obs:                            20.000                                           
Max Obs:                            20.000                                           
                                                                                     
                                    Parameter Estimates                                     
============================================================================================
                          Parameter  Std. Err.     T-stat    P-value    Lower CI    Upper CI
--------------------------------------------------------------------------------------------
hw_days_week                -0.1585     0.0444    -3.5729     0.0004     -0.2455     -0.0715
hw_days_week_lag1            0.1909     0.0503     3.7935     0.0002      0.0922      0.2896
hw_days_week_lag2            0.2473     0.0595     4.1569     0.0000      0.1307      0.3639
tmax_anomaly_week            0.0797     0.0212     3.7548     0.0002      0.0381      0.1213
tmax_anomaly_week_sq         0.1457     0.0270     5.4020     0.0000      0.0928      0.1986
tmax_anomaly_week_lag1       0.0010     0.0035     0.2988     0.7651     -0.0058      0.0079
hot_week_p95                 0.3989     0.3134     1.2728     0.2032     -0.2156      1.0133
rsvi                         3.0760     0.7844     3.9215     0.0001      1.5380      4.6139
hw_days_x_rsvi               0.1961     0.0832     2.3577     0.0184      0.0330      0.3591
tmax_anom_x_rsvi            -0.0194     0.0325    -0.5964     0.5509     -0.0831      0.0444
tmax_anom_sq_x_rsvi         -0.2309     0.0425    -5.4327     0.0000     -0.3142     -0.1475
p95_x_rsvi                  -0.6127     0.5212    -1.1755     0.2399     -1.6347      0.4093
hw_days_week_lag1_x_rsvi    -0.3050     0.0747    -4.0839     0.0000     -0.4514     -0.1586
hw_days_week_lag2_x_rsvi    -0.4253     0.0865    -4.9175     0.0000     -0.5948     -0.2557
hw_days_x_rsvi_x_d2022      -0.0557     0.0471    -1.1828     0.2370     -0.1480      0.0366
tmax_anom_x_rsvi_x_d2022     0.2150     0.0571     3.7686     0.0002      0.1031      0.3269
p95_x_rsvi_x_d2022          -0.8550     0.2552    -3.3504     0.0008     -1.3554     -0.3547
yr_2013                      0.9690     0.0795     12.195     0.0000      0.8132      1.1247
yr_2014                      0.9700     0.0993     9.7697     0.0000      0.7754      1.1647
yr_2015                      0.9367     0.0793     11.806     0.0000      0.7811      1.0922
yr_2016                      1.2992     0.1124     11.562     0.0000      1.0789      1.5195
yr_2017                      1.2544     0.1185     10.588     0.0000      1.0221      1.4867
yr_2018                      1.0219     0.0911     11.212     0.0000      0.8432      1.2006
yr_2019                      0.9453     0.0873     10.823     0.0000      0.7740      1.1165
yr_2020                      1.0314     0.0842     12.243     0.0000      0.8662      1.1966
yr_2021                      1.3949     0.1180     11.818     0.0000      1.1635      1.6263
yr_2022                      1.4037     0.1375     10.209     0.0000      1.1341      1.6733
wk_25                        4.1655     0.4277     9.7388     0.0000      3.3269      5.0041
wk_26                        4.0814     0.4117     9.9139     0.0000      3.2742      4.8886
wk_27                        4.2676     0.4377     9.7490     0.0000      3.4093      5.1259
wk_28                        4.1802     0.4275     9.7780     0.0000      3.3420      5.0184
wk_29                        4.2382     0.4392     9.6500     0.0000      3.3771      5.0993
wk_30                        4.2652     0.4410     9.6725     0.0000      3.4006      5.1298
wk_31                        4.2173     0.4424     9.5333     0.0000      3.3500      5.0847
wk_32                        4.2685     0.4472     9.5451     0.0000      3.3917      5.1453
wk_33                        4.1923     0.4400     9.5271     0.0000      3.3295      5.0550
wk_34                        4.1293     0.4302     9.5985     0.0000      3.2858      4.9728
wk_35                        4.1724     0.4358     9.5740     0.0000      3.3179      5.0268
wk_36                        4.1500     0.4328     9.5897     0.0000      3.3015      4.9985
wk_37                        4.1414     0.4293     9.6480     0.0000      3.2998      4.9830
wk_38                        4.1688     0.4312     9.6677     0.0000      3.3233      5.0142
wk_39                        4.1953     0.4321     9.7100     0.0000      3.3482      5.0424
============================================================================================