                             PanelOLS Estimation Summary                             
=====================================================================================
Dep. Variable:     log_mortality_rate_week   R-squared:                        0.5321
Estimator:                        PanelOLS   R-squared (Between):              0.0594
No. Observations:                     3380   R-squared (Within):               0.5321
Date:                     Wed, Apr 22 2026   R-squared (Overall):              0.0595
Time:                             15:25:11   Log-likelihood                    3521.1
Cov. Estimator:                  Clustered                                           
                                             F-statistic:                      89.830
Entities:                               20   P-value                           0.0000
Avg Obs:                            169.00   Distribution:                 F(42,3318)
Min Obs:                            169.00                                           
Max Obs:                            169.00   F-statistic (robust):         -3.401e+14
                                             P-value                           1.0000
Time periods:                          169   Distribution:                 F(42,3318)
Avg Obs:                            20.000                                           
Min Obs:                            20.000                                           
Max Obs:                            20.000                                           
                                                                                     
                                    Parameter Estimates                                     
============================================================================================
                          Parameter  Std. Err.     T-stat    P-value    Lower CI    Upper CI
--------------------------------------------------------------------------------------------
hw_days_week                 0.0107     0.0079     1.3660     0.1720     -0.0047      0.0261
hw_days_week_lag1            0.0084     0.0062     1.3602     0.1739     -0.0037      0.0205
hw_days_week_lag2            0.0018     0.0023     0.7800     0.4354     -0.0027      0.0063
tmax_anomaly_week            0.0055     0.0040     1.3927     0.1638     -0.0023      0.0133
tmax_anomaly_week_sq        -0.0008     0.0017    -0.4725     0.6366     -0.0040      0.0025
tmax_anomaly_week_lag1      -0.0012     0.0007    -1.5797     0.1143     -0.0026      0.0003
hot_week_p95                -0.0255     0.0113    -2.2575     0.0240     -0.0477     -0.0034
rsvi                         0.1710     0.0865     1.9768     0.0481      0.0014      0.3406
hw_days_x_rsvi               0.0059     0.0132     0.4507     0.6522     -0.0199      0.0317
tmax_anom_x_rsvi             0.0181     0.0069     2.6364     0.0084      0.0046      0.0315
tmax_anom_sq_x_rsvi          0.0013     0.0027     0.4931     0.6220     -0.0039      0.0065
p95_x_rsvi                   0.0652     0.0282     2.3103     0.0209      0.0099      0.1205
hw_days_week_lag1_x_rsvi     0.0168     0.0101     1.6707     0.0949     -0.0029      0.0365
hw_days_week_lag2_x_rsvi    -0.0008     0.0050    -0.1625     0.8710     -0.0106      0.0090
hw_days_x_rsvi_x_d2022       0.0063     0.0067     0.9496     0.3424     -0.0067      0.0194
tmax_anom_x_rsvi_x_d2022    -0.0161     0.0040    -4.0347     0.0001     -0.0239     -0.0083
p95_x_rsvi_x_d2022           0.0489     0.0345     1.4195     0.1558     -0.0186      0.1165
yr_2013                      0.0134     0.0073     1.8276     0.0677     -0.0010      0.0278
yr_2014                      0.0187     0.0073     2.5615     0.0105      0.0044      0.0330
yr_2015                      0.0526     0.0102     5.1828     0.0000      0.0327      0.0726
yr_2016                      0.0485     0.0092     5.2738     0.0000      0.0305      0.0665
yr_2017                      0.0546     0.0112     4.8576     0.0000      0.0326      0.0767
yr_2018                      0.0491     0.0081     6.0874     0.0000      0.0333      0.0650
yr_2019                      0.0418     0.0091     4.6198     0.0000      0.0241      0.0596
yr_2020                      0.0969     0.0102     9.5243     0.0000      0.0769      0.1168
yr_2021                      0.1301     0.0128     10.152     0.0000      0.1050      0.1552
yr_2022                      0.1691     0.0132     12.810     0.0000      0.1432      0.1950
wk_25                        0.0572     0.0133     4.3048     0.0000      0.0312      0.0833
wk_26                        0.0439     0.0137     3.1915     0.0014      0.0169      0.0708
wk_27                        0.0631     0.0178     3.5536     0.0004      0.0283      0.0979
wk_28                        0.0506     0.0115     4.3958     0.0000      0.0280      0.0731
wk_29                        0.0479     0.0167     2.8687     0.0041      0.0152      0.0807
wk_30                        0.0613     0.0127     4.8399     0.0000      0.0365      0.0862
wk_31                        0.0513     0.0143     3.5905     0.0003      0.0233      0.0794
wk_32                        0.0544     0.0140     3.8935     0.0001      0.0270      0.0817
wk_33                        0.0190     0.0095     1.9963     0.0460      0.0003      0.0377
wk_34                        0.0201     0.0140     1.4312     0.1525     -0.0074      0.0476
wk_35                       -0.0007     0.0099    -0.0677     0.9461     -0.0200      0.0187
wk_36                        0.0015     0.0100     0.1492     0.8814     -0.0182      0.0212
wk_37                        0.0157     0.0155     1.0124     0.3114     -0.0147      0.0461
wk_38                        0.0172     0.0115     1.4877     0.1369     -0.0055      0.0398
wk_39                        0.0193     0.0108     1.7793     0.0753     -0.0020      0.0405
============================================================================================

F-test for Poolability: 456.73
P-value: 0.0000
Distribution: F(19,3318)

Included effects: Entity