                             PooledOLS Estimation Summary                            
=====================================================================================
Dep. Variable:     log_mortality_rate_week   R-squared:                        0.9873
Estimator:                       PooledOLS   R-squared (Between):              0.9979
No. Observations:                     3380   R-squared (Within):              -32.223
Date:                     Wed, Apr 22 2026   R-squared (Overall):              0.9873
Time:                             15:02:15   Log-likelihood                   -3981.0
Cov. Estimator:                  Clustered                                           
                                             F-statistic:                      6659.2
Entities:                               20   P-value                           0.0000
Avg Obs:                            169.00   Distribution:                 F(39,3341)
Min Obs:                            169.00                                           
Max Obs:                            169.00   F-statistic (robust):         -4.996e+15
                                             P-value                           1.0000
Time periods:                          169   Distribution:                 F(39,3341)
Avg Obs:                            20.000                                           
Min Obs:                            20.000                                           
Max Obs:                            20.000                                           
                                                                                     
                                    Parameter Estimates                                     
============================================================================================
                          Parameter  Std. Err.     T-stat    P-value    Lower CI    Upper CI
--------------------------------------------------------------------------------------------
hw_days_week                -0.1562     0.0447    -3.4970     0.0005     -0.2438     -0.0686
hw_days_week_lag1            0.1901     0.0501     3.7931     0.0002      0.0918      0.2884
hw_days_week_lag2            0.2468     0.0598     4.1254     0.0000      0.1295      0.3642
tmax_anomaly_week            0.0777     0.0215     3.6067     0.0003      0.0355      0.1199
tmax_anomaly_week_sq         0.1454     0.0273     5.3306     0.0000      0.0919      0.1989
tmax_anomaly_week_lag1       0.0013     0.0035     0.3794     0.7044     -0.0056      0.0083
hot_week_p95                 0.4207     0.3258     1.2915     0.1966     -0.2180      1.0594
rsvi                         3.1031     0.7870     3.9429     0.0001      1.5600      4.6463
hw_days_x_rsvi               0.1803     0.0844     2.1372     0.0327      0.0149      0.3457
tmax_anom_x_rsvi             0.0077     0.0310     0.2482     0.8040     -0.0531      0.0684
tmax_anom_sq_x_rsvi         -0.2276     0.0433    -5.2522     0.0000     -0.3126     -0.1427
p95_x_rsvi                  -0.7735     0.5169    -1.4966     0.1346     -1.7869      0.2398
hw_days_week_lag1_x_rsvi    -0.3078     0.0735    -4.1856     0.0000     -0.4521     -0.1636
hw_days_week_lag2_x_rsvi    -0.4306     0.0860    -5.0064     0.0000     -0.5993     -0.2620
yr_2013                      0.9819     0.0815     12.042     0.0000      0.8221      1.1418
yr_2014                      0.9823     0.1011     9.7174     0.0000      0.7841      1.1805
yr_2015                      0.9492     0.0817     11.620     0.0000      0.7890      1.1093
yr_2016                      1.3020     0.1130     11.519     0.0000      1.0804      1.5237
yr_2017                      1.2669     0.1204     10.525     0.0000      1.0309      1.5029
yr_2018                      1.0225     0.0912     11.208     0.0000      0.8436      1.2014
yr_2019                      0.9479     0.0885     10.707     0.0000      0.7743      1.1215
yr_2020                      1.0319     0.0850     12.147     0.0000      0.8654      1.1985
yr_2021                      1.4024     0.1192     11.761     0.0000      1.1686      1.6362
yr_2022                      1.3281     0.1304     10.183     0.0000      1.0724      1.5839
wk_25                        4.1602     0.4297     9.6813     0.0000      3.3176      5.0027
wk_26                        4.0703     0.4134     9.8451     0.0000      3.2597      4.8809
wk_27                        4.2396     0.4386     9.6669     0.0000      3.3797      5.0995
wk_28                        4.1807     0.4300     9.7214     0.0000      3.3375      5.0239
wk_29                        4.2276     0.4422     9.5603     0.0000      3.3606      5.0947
wk_30                        4.2608     0.4425     9.6279     0.0000      3.3931      5.1284
wk_31                        4.2245     0.4442     9.5104     0.0000      3.3536      5.0955
wk_32                        4.2771     0.4487     9.5326     0.0000      3.3974      5.1569
wk_33                        4.1847     0.4409     9.4916     0.0000      3.3203      5.0491
wk_34                        4.1272     0.4322     9.5498     0.0000      3.2798      4.9745
wk_35                        4.1543     0.4366     9.5156     0.0000      3.2983      5.0103
wk_36                        4.1566     0.4355     9.5443     0.0000      3.3027      5.0105
wk_37                        4.1335     0.4309     9.5934     0.0000      3.2887      4.9783
wk_38                        4.1206     0.4288     9.6092     0.0000      3.2798      4.9613
wk_39                        4.1560     0.4298     9.6698     0.0000      3.3133      4.9987
============================================================================================